TABLE NO.     1: First Order Conditional Estimation with Interaction: Problem=1 Subproblem=0 Superproblem1=0 Iteration1=0 Superproblem2=0 Iteration2=0
 NAME         THETA1       THETA2       THETA3       THETA4       THETA5       THETA6       SIGMA(1,1)   SIGMA(2,1)   SIGMA(2,2)   OMEGA(1,1)   OMEGA(2,1)   OMEGA(2,2)   OMEGA(3,1)   OMEGA(3,2)   OMEGA(3,3)
 THETA1        6.21225E+00 -1.85435E+00 -1.12103E+02  4.84854E+00  8.81071E-02  9.65706E+00 -3.51868E+02  0.00000E+00 -1.51304E+01 -1.84042E+01  0.00000E+00 -3.39500E-01  0.00000E+00  0.00000E+00  3.23125E+01
 THETA2       -1.85435E+00  1.12509E+00  6.31740E+01 -2.78794E+00 -5.39565E-02 -2.75116E+00  1.85841E+02  0.00000E+00  6.10984E+00  8.13893E+00  0.00000E+00  4.80846E-01  0.00000E+00  0.00000E+00 -8.60826E+00
 THETA3       -1.12103E+02  6.31740E+01  1.17108E+05 -7.04789E+02  1.03690E+00  2.28063E+01  4.30786E+04  0.00000E+00  9.09890E+02  6.30412E+02  0.00000E+00  1.91498E+03  0.00000E+00  0.00000E+00 -2.12365E+03
 THETA4        4.84854E+00 -2.78794E+00 -7.04789E+02  1.34384E+01  1.01180E-01  5.14232E+00 -5.40319E+02  0.00000E+00 -1.98877E+01 -2.51211E+01  0.00000E+00  1.15712E+01  0.00000E+00  0.00000E+00  1.66967E+00
 THETA5        8.81071E-02 -5.39565E-02  1.03690E+00  1.01180E-01  8.30530E-03  1.29051E-01 -1.15948E+01  0.00000E+00 -9.98272E-02 -8.57572E-01  0.00000E+00  1.80282E-01  0.00000E+00  0.00000E+00  1.19563E+00
 THETA6        9.65706E+00 -2.75116E+00  2.28063E+01  5.14232E+00  1.29051E-01  2.67641E+01 -3.67103E+02  0.00000E+00 -1.51816E+01 -1.67982E+01  0.00000E+00 -4.54169E+01  0.00000E+00  0.00000E+00  4.51395E+01
 SIGMA(1,1)   -3.51868E+02  1.85841E+02  4.30786E+04 -5.40319E+02 -1.15948E+01 -3.67103E+02  9.81212E+04  0.00000E+00  3.50288E+03  2.04304E+03  0.00000E+00  8.85330E+02  0.00000E+00  0.00000E+00 -3.49415E+02
 SIGMA(2,1)    0.00000E+00  0.00000E+00  0.00000E+00  0.00000E+00  0.00000E+00  0.00000E+00  0.00000E+00  0.00000E+00  0.00000E+00  0.00000E+00  0.00000E+00  0.00000E+00  0.00000E+00  0.00000E+00  0.00000E+00
 SIGMA(2,2)   -1.51304E+01  6.10984E+00  9.09890E+02 -1.98877E+01 -9.98272E-02 -1.51816E+01  3.50288E+03  0.00000E+00  3.64867E+02  4.46593E+01  0.00000E+00  2.00790E+01  0.00000E+00  0.00000E+00  2.15400E+02
 OMEGA(1,1)   -1.84042E+01  8.13893E+00  6.30412E+02 -2.51211E+01 -8.57572E-01 -1.67982E+01  2.04304E+03  0.00000E+00  4.46593E+01  6.08067E+02  0.00000E+00 -9.37345E+01  0.00000E+00  0.00000E+00  6.16587E+01
 OMEGA(2,1)    0.00000E+00  0.00000E+00  0.00000E+00  0.00000E+00  0.00000E+00  0.00000E+00  0.00000E+00  0.00000E+00  0.00000E+00  0.00000E+00  0.00000E+00  0.00000E+00  0.00000E+00  0.00000E+00  0.00000E+00
 OMEGA(2,2)   -3.39500E-01  4.80846E-01  1.91498E+03  1.15712E+01  1.80282E-01 -4.54169E+01  8.85330E+02  0.00000E+00  2.00790E+01 -9.37345E+01  0.00000E+00  1.63279E+03  0.00000E+00  0.00000E+00  9.99595E+02
 OMEGA(3,1)    0.00000E+00  0.00000E+00  0.00000E+00  0.00000E+00  0.00000E+00  0.00000E+00  0.00000E+00  0.00000E+00  0.00000E+00  0.00000E+00  0.00000E+00  0.00000E+00  0.00000E+00  0.00000E+00  0.00000E+00
 OMEGA(3,2)    0.00000E+00  0.00000E+00  0.00000E+00  0.00000E+00  0.00000E+00  0.00000E+00  0.00000E+00  0.00000E+00  0.00000E+00  0.00000E+00  0.00000E+00  0.00000E+00  0.00000E+00  0.00000E+00  0.00000E+00
 OMEGA(3,3)    3.23125E+01 -8.60826E+00 -2.12365E+03  1.66967E+00  1.19563E+00  4.51395E+01 -3.49415E+02  0.00000E+00  2.15400E+02  6.16587E+01  0.00000E+00  9.99595E+02  0.00000E+00  0.00000E+00  3.48872E+03
