TABLE NO.     1: First Order Conditional Estimation with Interaction: Problem=1 Subproblem=0 Superproblem1=0 Iteration1=0 Superproblem2=0 Iteration2=0
 NAME         THETA1       THETA2       THETA3       THETA4       THETA5       THETA6       SIGMA(1,1)   SIGMA(2,1)   SIGMA(2,2)   OMEGA(1,1)   OMEGA(2,1)   OMEGA(2,2)   OMEGA(3,1)   OMEGA(3,2)   OMEGA(3,3)
 THETA1        8.11589E-01  1.83182E-01 -7.95902E-02 -1.70771E-01  6.65790E-02 -6.60419E-01  1.05604E-01  0.00000E+00  1.43022E-01  1.83341E-01  0.00000E+00 -5.89188E-02  0.00000E+00  0.00000E+00 -1.85467E-01
 THETA2        1.83182E-01  2.06689E+00  4.44392E-01  6.62242E-01  2.25294E-01  5.21184E-02 -3.12409E-01  0.00000E+00  4.21233E-02  2.05266E-03  0.00000E+00 -2.50250E-01  0.00000E+00  0.00000E+00  2.32419E-01
 THETA3       -7.95902E-02  4.44392E-01  5.11764E-03  7.26360E-01 -2.51216E-01 -9.01266E-02 -4.40733E-01  0.00000E+00  1.22331E-01 -7.66116E-02  0.00000E+00 -4.59083E-01  0.00000E+00  0.00000E+00  4.65236E-01
 THETA4       -1.70771E-01  6.62242E-01  7.26360E-01  6.12283E-01 -6.09410E-02  4.56937E-02 -2.45609E-01  0.00000E+00  4.54304E-02 -2.24476E-02  0.00000E+00 -4.22177E-01  0.00000E+00  0.00000E+00  4.37776E-01
 THETA5        6.65790E-02  2.25294E-01 -2.51216E-01 -6.09410E-02  1.52067E+01  3.33201E-03  3.10144E-01  0.00000E+00 -2.08935E-01  2.82756E-01  0.00000E+00  9.81843E-02  0.00000E+00  0.00000E+00 -2.25455E-01
 THETA6       -6.60419E-01  5.21184E-02 -9.01266E-02  4.56937E-02  3.33201E-03  3.25922E-01 -9.74914E-02  0.00000E+00 -2.20627E-02 -6.79925E-02  0.00000E+00  3.14481E-01  0.00000E+00  0.00000E+00 -9.45851E-02
 SIGMA(1,1)    1.05604E-01 -3.12409E-01 -4.40733E-01 -2.45609E-01  3.10144E-01 -9.74914E-02  5.41071E-03  0.00000E+00 -5.43312E-01 -3.75868E-02  0.00000E+00  4.02769E-02  0.00000E+00  0.00000E+00 -9.62686E-02
 SIGMA(2,1)    0.00000E+00  0.00000E+00  0.00000E+00  0.00000E+00  0.00000E+00  0.00000E+00  0.00000E+00  0.00000E+00  0.00000E+00  0.00000E+00  0.00000E+00  0.00000E+00  0.00000E+00  0.00000E+00  0.00000E+00
 SIGMA(2,2)    1.43022E-01  4.21233E-02  1.22331E-01  4.54304E-02 -2.08935E-01 -2.20627E-02 -5.43312E-01  0.00000E+00  7.11723E-02  8.18180E-02  0.00000E+00  9.35658E-02  0.00000E+00  0.00000E+00 -2.06131E-01
 OMEGA(1,1)    1.83341E-01  2.05266E-03 -7.66116E-02 -2.24476E-02  2.82756E-01 -6.79925E-02 -3.75868E-02  0.00000E+00  8.18180E-02  4.66702E-02  0.00000E+00  1.64711E-01  0.00000E+00  0.00000E+00 -2.31911E-01
 OMEGA(2,1)    0.00000E+00  0.00000E+00  0.00000E+00  0.00000E+00  0.00000E+00  0.00000E+00  0.00000E+00  0.00000E+00  0.00000E+00  0.00000E+00  0.00000E+00  0.00000E+00  0.00000E+00  0.00000E+00  0.00000E+00
 OMEGA(2,2)   -5.89188E-02 -2.50250E-01 -4.59083E-01 -4.22177E-01  9.81843E-02  3.14481E-01  4.02769E-02  0.00000E+00  9.35658E-02  1.64711E-01  0.00000E+00  3.42895E-02  0.00000E+00  0.00000E+00 -5.92324E-01
 OMEGA(3,1)    0.00000E+00  0.00000E+00  0.00000E+00  0.00000E+00  0.00000E+00  0.00000E+00  0.00000E+00  0.00000E+00  0.00000E+00  0.00000E+00  0.00000E+00  0.00000E+00  0.00000E+00  0.00000E+00  0.00000E+00
 OMEGA(3,2)    0.00000E+00  0.00000E+00  0.00000E+00  0.00000E+00  0.00000E+00  0.00000E+00  0.00000E+00  0.00000E+00  0.00000E+00  0.00000E+00  0.00000E+00  0.00000E+00  0.00000E+00  0.00000E+00  0.00000E+00
 OMEGA(3,3)   -1.85467E-01  2.32419E-01  4.65236E-01  4.37776E-01 -2.25455E-01 -9.45851E-02 -9.62686E-02  0.00000E+00 -2.06131E-01 -2.31911E-01  0.00000E+00 -5.92324E-01  0.00000E+00  0.00000E+00  2.41888E-02
