TABLE NO.     1: First Order Conditional Estimation with Interaction: Problem=1 Subproblem=0 Superproblem1=0 Iteration1=0 Superproblem2=0 Iteration2=0
 NAME         THETA1       THETA2       THETA3       THETA4       THETA5       THETA6       THETA7       SIGMA(1,1)   SIGMA(2,1)   SIGMA(2,2)   OMEGA(1,1)   OMEGA(2,1)   OMEGA(2,2)   OMEGA(3,1)   OMEGA(3,2)   OMEGA(3,3)
 THETA1        6.75490E-01  4.95715E-01  5.34256E-04  8.17509E-02  2.24469E-01 -1.46495E-01 -5.36076E-02  6.44412E-04  0.00000E+00  3.07169E-03 -3.21147E-03  0.00000E+00 -6.82674E-03  0.00000E+00  0.00000E+00  6.84391E-04
 THETA2        4.95715E-01  4.24247E+00  4.55512E-03  8.20596E-01  7.14156E+00  7.26704E-02 -7.04058E-02 -3.49895E-03  0.00000E+00  6.27943E-03  3.33078E-03  0.00000E+00 -1.69525E-02  0.00000E+00  0.00000E+00  1.10975E-02
 THETA3        5.34256E-04  4.55512E-03  2.56504E-05  2.19851E-03 -1.92539E-02 -9.74676E-05 -2.47545E-04 -1.22427E-05  0.00000E+00  4.59224E-05 -7.14528E-06  0.00000E+00 -7.73988E-05  0.00000E+00  0.00000E+00  5.53571E-05
 THETA4        8.17509E-02  8.20596E-01  2.19851E-03  3.66370E-01 -5.32692E-01  1.76651E-02 -4.70204E-02 -8.09919E-04  0.00000E+00  1.93768E-03  1.31580E-03  0.00000E+00 -8.44359E-03  0.00000E+00  0.00000E+00  6.19824E-03
 THETA5        2.24469E-01  7.14156E+00 -1.92539E-02 -5.32692E-01  2.28562E+02  1.58815E-01  6.77532E-02  2.52809E-02  0.00000E+00 -2.24505E-01  1.96581E-01  0.00000E+00  5.13106E-02  0.00000E+00  0.00000E+00 -8.32268E-02
 THETA6       -1.46495E-01  7.26704E-02 -9.74676E-05  1.76651E-02  1.58815E-01  1.12529E-01 -7.89309E-03 -1.79904E-04  0.00000E+00 -9.30385E-04 -1.33435E-03  0.00000E+00  3.22196E-03  0.00000E+00  0.00000E+00 -6.71587E-04
 THETA7       -5.36076E-02 -7.04058E-02 -2.47545E-04 -4.70204E-02  6.77532E-02 -7.89309E-03  2.41346E-02 -5.37116E-05  0.00000E+00  1.35606E-03  2.25223E-03  0.00000E+00  1.44635E-03  0.00000E+00  0.00000E+00 -1.07514E-03
 SIGMA(1,1)    6.44412E-04 -3.49895E-03 -1.22427E-05 -8.09919E-04  2.52809E-02 -1.79904E-04 -5.37116E-05  2.92591E-05  0.00000E+00 -2.09672E-04 -7.86452E-06  0.00000E+00  7.36365E-06  0.00000E+00  0.00000E+00 -1.27020E-05
 SIGMA(2,1)    0.00000E+00  0.00000E+00  0.00000E+00  0.00000E+00  0.00000E+00  0.00000E+00  0.00000E+00  0.00000E+00  0.00000E+00  0.00000E+00  0.00000E+00  0.00000E+00  0.00000E+00  0.00000E+00  0.00000E+00  0.00000E+00
 SIGMA(2,2)    3.07169E-03  6.27943E-03  4.59224E-05  1.93768E-03 -2.24505E-01 -9.30385E-04  1.35606E-03 -2.09672E-04  0.00000E+00  5.08195E-03  2.28943E-04  0.00000E+00  2.31709E-04  0.00000E+00  0.00000E+00 -3.55652E-04
 OMEGA(1,1)   -3.21147E-03  3.33078E-03 -7.14528E-06  1.31580E-03  1.96581E-01 -1.33435E-03  2.25223E-03 -7.86452E-06  0.00000E+00  2.28943E-04  1.97669E-03  0.00000E+00  1.99463E-04  0.00000E+00  0.00000E+00 -2.14204E-04
 OMEGA(2,1)    0.00000E+00  0.00000E+00  0.00000E+00  0.00000E+00  0.00000E+00  0.00000E+00  0.00000E+00  0.00000E+00  0.00000E+00  0.00000E+00  0.00000E+00  0.00000E+00  0.00000E+00  0.00000E+00  0.00000E+00  0.00000E+00
 OMEGA(2,2)   -6.82674E-03 -1.69525E-02 -7.73988E-05 -8.44359E-03  5.13106E-02  3.22196E-03  1.44635E-03  7.36365E-06  0.00000E+00  2.31709E-04  1.99463E-04  0.00000E+00  1.15643E-03  0.00000E+00  0.00000E+00 -4.81483E-04
 OMEGA(3,1)    0.00000E+00  0.00000E+00  0.00000E+00  0.00000E+00  0.00000E+00  0.00000E+00  0.00000E+00  0.00000E+00  0.00000E+00  0.00000E+00  0.00000E+00  0.00000E+00  0.00000E+00  0.00000E+00  0.00000E+00  0.00000E+00
 OMEGA(3,2)    0.00000E+00  0.00000E+00  0.00000E+00  0.00000E+00  0.00000E+00  0.00000E+00  0.00000E+00  0.00000E+00  0.00000E+00  0.00000E+00  0.00000E+00  0.00000E+00  0.00000E+00  0.00000E+00  0.00000E+00  0.00000E+00
 OMEGA(3,3)    6.84391E-04  1.10975E-02  5.53571E-05  6.19824E-03 -8.32268E-02 -6.71587E-04 -1.07514E-03 -1.27020E-05  0.00000E+00 -3.55652E-04 -2.14204E-04  0.00000E+00 -4.81483E-04  0.00000E+00  0.00000E+00  5.81567E-04
