TABLE NO.     1: First Order Conditional Estimation with Interaction: Problem=1 Subproblem=0 Superproblem1=0 Iteration1=0 Superproblem2=0 Iteration2=0
 NAME         THETA1       THETA2       THETA3       THETA4       THETA5       THETA6       THETA7       SIGMA(1,1)   SIGMA(2,1)   SIGMA(2,2)   OMEGA(1,1)   OMEGA(2,1)   OMEGA(2,2)   OMEGA(3,1)   OMEGA(3,2)   OMEGA(3,3)
 THETA1        8.21882E-01  2.92829E-01  1.28349E-01  1.64332E-01  1.80653E-02 -5.31350E-01 -4.19853E-01  1.44952E-01  0.00000E+00  5.24268E-02 -8.78873E-02  0.00000E+00 -2.44255E-01  0.00000E+00  0.00000E+00  3.45299E-02
 THETA2        2.92829E-01  2.05973E+00  4.36660E-01  6.58203E-01  2.29341E-01  1.05176E-01 -2.20029E-01 -3.14049E-01  0.00000E+00  4.27657E-02  3.63720E-02  0.00000E+00 -2.42027E-01  0.00000E+00  0.00000E+00  2.23417E-01
 THETA3        1.28349E-01  4.36660E-01  5.06462E-03  7.17170E-01 -2.51461E-01 -5.73694E-02 -3.14620E-01 -4.46889E-01  0.00000E+00  1.27193E-01 -3.17324E-02  0.00000E+00 -4.49394E-01  0.00000E+00  0.00000E+00  4.53238E-01
 THETA4        1.64332E-01  6.58203E-01  7.17170E-01  6.05285E-01 -5.82122E-02  8.70008E-02 -5.00042E-01 -2.47372E-01  0.00000E+00  4.49062E-02  4.88945E-02  0.00000E+00 -4.10211E-01  0.00000E+00  0.00000E+00  4.24627E-01
 THETA5        1.80653E-02  2.29341E-01 -2.51461E-01 -5.82122E-02  1.51183E+01  3.13153E-02  2.88475E-02  3.09143E-01  0.00000E+00 -2.08309E-01  2.92463E-01  0.00000E+00  9.98035E-02  0.00000E+00  0.00000E+00 -2.28277E-01
 THETA6       -5.31350E-01  1.05176E-01 -5.73694E-02  8.70008E-02  3.13153E-02  3.35454E-01 -1.51459E-01 -9.91461E-02  0.00000E+00 -3.89058E-02 -8.94681E-02  0.00000E+00  2.82441E-01  0.00000E+00  0.00000E+00 -8.30174E-02
 THETA7       -4.19853E-01 -2.20029E-01 -3.14620E-01 -5.00042E-01  2.88475E-02 -1.51459E-01  1.55353E-01 -6.39171E-02  0.00000E+00  1.22446E-01  3.26080E-01  0.00000E+00  2.73775E-01  0.00000E+00  0.00000E+00 -2.86975E-01
 SIGMA(1,1)    1.44952E-01 -3.14049E-01 -4.46889E-01 -2.47372E-01  3.09143E-01 -9.91461E-02 -6.39171E-02  5.40917E-03  0.00000E+00 -5.43743E-01 -3.27019E-02  0.00000E+00  4.00316E-02  0.00000E+00  0.00000E+00 -9.73736E-02
 SIGMA(2,1)    0.00000E+00  0.00000E+00  0.00000E+00  0.00000E+00  0.00000E+00  0.00000E+00  0.00000E+00  0.00000E+00  0.00000E+00  0.00000E+00  0.00000E+00  0.00000E+00  0.00000E+00  0.00000E+00  0.00000E+00  0.00000E+00
 SIGMA(2,2)    5.24268E-02  4.27657E-02  1.27193E-01  4.49062E-02 -2.08309E-01 -3.89058E-02  1.22446E-01 -5.43743E-01  0.00000E+00  7.12878E-02  7.22341E-02  0.00000E+00  9.55803E-02  0.00000E+00  0.00000E+00 -2.06876E-01
 OMEGA(1,1)   -8.78873E-02  3.63720E-02 -3.17324E-02  4.88945E-02  2.92463E-01 -8.94681E-02  3.26080E-01 -3.27019E-02  0.00000E+00  7.22341E-02  4.44600E-02  0.00000E+00  1.31927E-01  0.00000E+00  0.00000E+00 -1.99783E-01
 OMEGA(2,1)    0.00000E+00  0.00000E+00  0.00000E+00  0.00000E+00  0.00000E+00  0.00000E+00  0.00000E+00  0.00000E+00  0.00000E+00  0.00000E+00  0.00000E+00  0.00000E+00  0.00000E+00  0.00000E+00  0.00000E+00  0.00000E+00
 OMEGA(2,2)   -2.44255E-01 -2.42027E-01 -4.49394E-01 -4.10211E-01  9.98035E-02  2.82441E-01  2.73775E-01  4.00316E-02  0.00000E+00  9.55803E-02  1.31927E-01  0.00000E+00  3.40063E-02  0.00000E+00  0.00000E+00 -5.87112E-01
 OMEGA(3,1)    0.00000E+00  0.00000E+00  0.00000E+00  0.00000E+00  0.00000E+00  0.00000E+00  0.00000E+00  0.00000E+00  0.00000E+00  0.00000E+00  0.00000E+00  0.00000E+00  0.00000E+00  0.00000E+00  0.00000E+00  0.00000E+00
 OMEGA(3,2)    0.00000E+00  0.00000E+00  0.00000E+00  0.00000E+00  0.00000E+00  0.00000E+00  0.00000E+00  0.00000E+00  0.00000E+00  0.00000E+00  0.00000E+00  0.00000E+00  0.00000E+00  0.00000E+00  0.00000E+00  0.00000E+00
 OMEGA(3,3)    3.45299E-02  2.23417E-01  4.53238E-01  4.24627E-01 -2.28277E-01 -8.30174E-02 -2.86975E-01 -9.73736E-02  0.00000E+00 -2.06876E-01 -1.99783E-01  0.00000E+00 -5.87112E-01  0.00000E+00  0.00000E+00  2.41157E-02
