TABLE NO.     1: First Order Conditional Estimation with Interaction: Problem=1 Subproblem=0 Superproblem1=0 Iteration1=0 Superproblem2=0 Iteration2=0
 NAME         THETA1       THETA2       THETA3       THETA4       THETA5       THETA6       THETA7       SIGMA(1,1)   SIGMA(2,1)   SIGMA(2,2)   OMEGA(1,1)   OMEGA(2,1)   OMEGA(2,2)   OMEGA(3,1)   OMEGA(3,2)   OMEGA(3,3)
 THETA1        9.39420E-01  3.92166E-01  2.13253E-01  1.26491E-01 -6.23870E-02 -5.70955E-01 -3.91969E-01 -1.02535E-01  0.00000E+00  3.28095E-01  1.40825E-01 -2.38032E-03 -1.48785E-01 -2.90146E-01 -2.03583E-01 -2.23148E-01
 THETA2        3.92166E-01  2.18002E+00  5.83045E-01  7.67718E-01  1.04512E-01  8.75276E-02 -1.06862E-01 -2.66180E-01  0.00000E+00  1.29466E-01  5.54771E-02 -3.14297E-01 -3.58401E-01 -4.48015E-01 -3.82630E-01  1.35553E-01
 THETA3        2.13253E-01  5.83045E-01  5.25250E-03  7.89662E-01 -2.44736E-01 -7.56711E-02 -1.76282E-01 -3.63814E-01  0.00000E+00  1.66666E-01  1.18947E-02 -3.88358E-01 -4.74676E-01 -6.40624E-01 -3.91127E-01  3.33585E-01
 THETA4        1.26491E-01  7.67718E-01  7.89662E-01  5.35745E-01  1.45789E-02  8.50518E-02 -1.76164E-01 -2.18503E-01  0.00000E+00  7.02549E-02  1.63952E-01 -3.63162E-01 -4.64033E-01 -4.23172E-01 -3.12913E-01  3.55062E-01
 THETA5       -6.23870E-02  1.04512E-01 -2.44736E-01  1.45789E-02  2.37905E+01 -8.74800E-02  2.79639E-01  3.58173E-01  0.00000E+00 -2.66270E-01  2.38769E-01  2.14454E-01  3.67741E-02 -1.33846E-02  2.33785E-01 -8.96882E-02
 THETA6       -5.70955E-01  8.75276E-02 -7.56711E-02  8.50518E-02 -8.74800E-02  3.39564E-01  1.85631E-02  6.33363E-02  0.00000E+00 -2.20095E-01 -4.30889E-01 -2.81446E-01  1.72711E-03  3.68286E-01 -6.91773E-02  1.73885E-02
 THETA7       -3.91969E-01 -1.06862E-01 -1.76282E-01 -1.76164E-01  2.79639E-01  1.85631E-02  1.14014E-01  1.97819E-01  0.00000E+00 -1.40872E-01  2.93691E-01  8.28426E-02  1.68093E-01 -2.30649E-01 -3.50832E-02 -1.80137E-01
 SIGMA(1,1)   -1.02535E-01 -2.66180E-01 -3.63814E-01 -2.18503E-01  3.58173E-01  6.33363E-02  1.97819E-01  5.38447E-03  0.00000E+00 -5.06989E-01 -7.93378E-02 -5.63084E-02 -1.43162E-02  4.86296E-02 -4.33522E-02 -1.90974E-01
 SIGMA(2,1)    0.00000E+00  0.00000E+00  0.00000E+00  0.00000E+00  0.00000E+00  0.00000E+00  0.00000E+00  0.00000E+00  0.00000E+00  0.00000E+00  0.00000E+00  0.00000E+00  0.00000E+00  0.00000E+00  0.00000E+00  0.00000E+00
 SIGMA(2,2)    3.28095E-01  1.29466E-01  1.66666E-01  7.02549E-02 -2.66270E-01 -2.20095E-01 -1.40872E-01 -5.06989E-01  0.00000E+00  6.76609E-02  9.35166E-02  1.25042E-01  4.31135E-02 -1.21994E-01  4.12143E-02 -1.62044E-01
 OMEGA(1,1)    1.40825E-01  5.54771E-02  1.18947E-02  1.63952E-01  2.38769E-01 -4.30889E-01  2.93691E-01 -7.93378E-02  0.00000E+00  9.35166E-02  4.89003E-02  5.02079E-01  1.70715E-01 -1.42939E-01  2.32011E-01 -7.46529E-02
 OMEGA(2,1)   -2.38032E-03 -3.14297E-01 -3.88358E-01 -3.63162E-01  2.14454E-01 -2.81446E-01  8.28426E-02 -5.63084E-02  0.00000E+00  1.25042E-01  5.02079E-01  3.19312E-02  8.18902E-01  2.09575E-01  3.97253E-01 -3.10858E-01
 OMEGA(2,2)   -1.48785E-01 -3.58401E-01 -4.74676E-01 -4.64033E-01  3.67741E-02  1.72711E-03  1.68093E-01 -1.43162E-02  0.00000E+00  4.31135E-02  1.70715E-01  8.18902E-01  3.13480E-02  3.33803E-01  1.68995E-01 -3.86716E-01
 OMEGA(3,1)   -2.90146E-01 -4.48015E-01 -6.40624E-01 -4.23172E-01 -1.33846E-02  3.68286E-01 -2.30649E-01  4.86296E-02  0.00000E+00 -1.21994E-01 -1.42939E-01  2.09575E-01  3.33803E-01  2.00773E-02  5.94710E-01 -1.50115E-01
 OMEGA(3,2)   -2.03583E-01 -3.82630E-01 -3.91127E-01 -3.12913E-01  2.33785E-01 -6.91773E-02 -3.50832E-02 -4.33522E-02  0.00000E+00  4.12143E-02  2.32011E-01  3.97253E-01  1.68995E-01  5.94710E-01  1.34244E-02 -1.12032E-01
 OMEGA(3,3)   -2.23148E-01  1.35553E-01  3.33585E-01  3.55062E-01 -8.96882E-02  1.73885E-02 -1.80137E-01 -1.90974E-01  0.00000E+00 -1.62044E-01 -7.46529E-02 -3.10858E-01 -3.86716E-01 -1.50115E-01 -1.12032E-01  1.61809E-02
