TABLE NO.     1: First Order Conditional Estimation with Interaction: Problem=1 Subproblem=0 Superproblem1=0 Iteration1=0 Superproblem2=0 Iteration2=0
 NAME         THETA1       THETA2       THETA3       THETA4       THETA5       THETA6       THETA7       SIGMA(1,1)   SIGMA(2,1)   SIGMA(2,2)   OMEGA(1,1)   OMEGA(2,1)   OMEGA(2,2)   OMEGA(3,1)   OMEGA(3,2)   OMEGA(3,3)
 THETA1        8.42269E+00 -2.88578E+00 -5.43278E+02  1.09884E+01  1.53121E-03  1.33821E+01  2.99257E+01 -3.31897E+02  0.00000E+00 -1.76212E+01 -4.30143E+01  4.68200E+01 -1.71304E+00 -1.07922E+02  1.26789E+02  1.01158E+02
 THETA2       -2.88578E+00  1.79213E+00  3.37838E+02 -6.69554E+00 -1.24389E-02 -5.01691E+00 -8.39241E+00  2.21153E+02  0.00000E+00  7.05816E+00  1.75070E+01 -8.70986E+00 -1.54332E+00  7.22457E+01 -3.72720E+01 -1.21679E+01
 THETA3       -5.43278E+02  3.37838E+02  3.22403E+05 -2.81902E+03  1.00726E+01 -9.11043E+02 -6.33682E+02  8.44911E+04  0.00000E+00  3.31415E+03  6.95047E+03  1.06556E+03 -2.12311E+03  5.15731E+04 -2.95698E+04  9.80955E+02
 THETA4        1.09884E+01 -6.69554E+00 -2.81902E+03  4.40413E+01 -7.81164E-02  1.24838E+01  4.86409E+01 -9.54267E+02  0.00000E+00 -4.25865E+01 -1.54469E+02  1.25926E+02 -2.73677E+01 -3.57963E+02  2.59278E+02 -1.11527E+01
 THETA5        1.53121E-03 -1.24389E-02  1.00726E+01 -7.81164E-02  3.70932E-03  3.29944E-02 -2.27680E-01 -3.23549E+00  0.00000E+00  2.52212E-01  5.46111E-01 -1.87493E+00  1.29187E+00  7.55720E-01 -1.69201E+00  1.52432E-01
 THETA6        1.33821E+01 -5.01691E+00 -9.11043E+02  1.24838E+01  3.29944E-02  4.05924E+01  2.23368E+01 -5.50421E+02  0.00000E+00 -1.77224E+01  7.24175E-01  3.74862E+01  1.68287E+01 -4.19480E+02  3.07438E+02  1.73997E+02
 THETA7        2.99257E+01 -8.39241E+00 -6.33682E+02  4.86409E+01 -2.27680E-01  2.23368E+01  3.14623E+02 -8.58052E+02  0.00000E+00 -4.83151E+01 -4.65745E+02  1.05353E+03 -7.32362E+02  7.25522E+02 -2.64574E+02  4.14732E+02
 SIGMA(1,1)   -3.31897E+02  2.21153E+02  8.44911E+04 -9.54267E+02 -3.23549E+00 -5.50421E+02 -8.58052E+02  9.49910E+04  0.00000E+00  3.27463E+03  2.88085E+03 -6.08350E+02  1.56052E+03  1.43165E+04 -3.48741E+03  4.45952E+03
 SIGMA(2,1)    0.00000E+00  0.00000E+00  0.00000E+00  0.00000E+00  0.00000E+00  0.00000E+00  0.00000E+00  0.00000E+00  0.00000E+00  0.00000E+00  0.00000E+00  0.00000E+00  0.00000E+00  0.00000E+00  0.00000E+00  0.00000E+00
 SIGMA(2,2)   -1.76212E+01  7.05816E+00  3.31415E+03 -4.25865E+01  2.52212E-01 -1.77224E+01 -4.83151E+01  3.27463E+03  0.00000E+00  4.16613E+02  1.77230E+02 -2.31970E+02  1.15672E+02  7.04701E+02 -5.77057E+02  3.15348E+02
 OMEGA(1,1)   -4.30143E+01  1.75070E+01  6.95047E+03 -1.54469E+02  5.46111E-01  7.24175E-01 -4.65745E+02  2.88085E+03  0.00000E+00  1.77230E+02  1.73344E+03 -2.80923E+03  1.75072E+03 -2.55891E+02 -2.82302E+01 -1.00803E+02
 OMEGA(2,1)    4.68200E+01 -8.70986E+00  1.06556E+03  1.25926E+02 -1.87493E+00  3.74862E+01  1.05353E+03 -6.08350E+02  0.00000E+00 -2.31970E+02 -2.80923E+03  1.20027E+04 -9.42875E+03  5.65528E+03 -7.20763E+03  9.89121E+01
 OMEGA(2,2)   -1.71304E+00 -1.54332E+00 -2.12311E+03 -2.73677E+01  1.29187E+00  1.68287E+01 -7.32362E+02  1.56052E+03  0.00000E+00  1.15672E+02  1.75072E+03 -9.42875E+03  9.30400E+03 -5.71175E+03  7.49023E+03  1.18368E+03
 OMEGA(3,1)   -1.07922E+02  7.22457E+01  5.15731E+04 -3.57963E+02  7.55720E-01 -4.19480E+02  7.25522E+02  1.43165E+04  0.00000E+00  7.04701E+02 -2.55891E+02  5.65528E+03 -5.71175E+03  1.96540E+04 -1.47236E+04 -1.08534E+02
 OMEGA(3,2)    1.26789E+02 -3.72720E+01 -2.95698E+04  2.59278E+02 -1.69201E+00  3.07438E+02 -2.64574E+02 -3.48741E+03  0.00000E+00 -5.77057E+02 -2.82302E+01 -7.20763E+03  7.49023E+03 -1.47236E+04  2.21745E+04  1.69586E+03
 OMEGA(3,3)    1.01158E+02 -1.21679E+01  9.80955E+02 -1.11527E+01  1.52432E-01  1.73997E+02  4.14732E+02  4.45952E+03  0.00000E+00  3.15348E+02 -1.00803E+02  9.89121E+01  1.18368E+03 -1.08534E+02  1.69586E+03  7.41928E+03
